parent_id,landmark,residue,position,x,y,z
4U53,uL4-0-e,W,65,45,4,85
4U53,uL4-1-e,G,66,43,0,82
4U53,uL4-2-e,T,67,41,0,78
4U53,uL4-3-e,G,68,40,4,78
4U53,uL4-4-e,R,69,42,6,82
4U53,uL4-5-e,A,70,45,7,76
4U53,uL4-6-e,V,71,47,5,79
4U53,uL4-7-e,A,72,49,2,79
4U53,uL4-8-e,R,76,49,3,86
4U53,uL4-9-e,V,77,51,3,91
4U53,uL4-10-e,G,79,46,7,94
4U53,uL4-11-e,G,80,48,10,96
4U53,uL4-12-e,G,81,51,13,96
4U53,uL4-13-e,T,82,53,11,95
4U53,uL4-14-e,R,84,55,5,92
4U53,uL4-15-e,G,86,51,6,88
4U53,uL4-16-e,Q,87,54,5,88
4U53,uL4-17-e,G,88,54,1,86
4U53,uL22-0-e,P,123,67,28,83
4U53,uL22-1-e,K,124,62,27,82
4U53,uL22-2-e,R,126,57,24,85
4U53,uL22-3-e,R,127,54,30,87
4U53,uL22-4-e,R,128,50,25,89
4U53,uL22-5-e,T,129,47,27,85
4U53,uL22-6-e,Y,130,45,26,89
4U53,uL22-7-e,A,132,39,22,83
4U53,uL22-8-e,H,133,36,19,83
4U53,uL22-9-e,G,134,40,19,87
4U53,uL22-10-e,R,135,42,20,84
4U53,uL22-11-e,I,136,47,21,87
4U53,uL22-12-e,N,137,48,23,83
4U53,eL39-0-e,P,22,65,29,109
4U53,eL39-1-e,Q,25,72,29,108
4U53,eL39-2-e,R,36,72,23,100
4U53,eL39-3-e,Y,37,66,23,102
4U53,eL39-4-e,N,38,64,23,107
4U53,eL39-5-e,K,40,61,18,107
4U53,eL39-6-e,R,41,60,26,107
4U53,eL39-7-e,R,46,52,26,101
4U53,RNA-0-e,a,355,57,14,103
4U53,RNA-1-e,a,365,59,9,97
4U53,RNA-2-e,a,366,63,11,95
4U53,RNA-3-e,a,367,67,11,95
4U53,RNA-4-e,a,385,71,46,92
4U53,RNA-5-e,a,387,76,41,90
4U53,RNA-6-e,g,878,31,24,76
4U53,RNA-7-e,u,879,40,23,76
4U53,RNA-8-e,a,883,36,18,89
4U53,RNA-9-e,a,884,28,19,87
4U53,RNA-10-e,a,921,34,13,93
4U53,RNA-11-e,u,922,32,6,94
4U53,RNA-12-e,u,1439,59,7,83
4U53,RNA-13-e,g,1440,62,11,82
4U53,RNA-14-e,g,1441,62,15,79
4U53,RNA-15-e,u,1501,62,45,104
4U53,RNA-16-e,a,1503,63,37,96
4U53,RNA-17-e,a,1504,60,35,95
4U53,RNA-18-e,c,1505,55,34,94
4U53,RNA-19-e,c,1516,58,36,104
4U53,RNA-20-e,c,1846,43,20,93
4U53,RNA-21-e,a,2139,26,16,89
4U53,RNA-22-e,u,2140,21,13,82
4U53,RNA-23-e,a,2358,46,19,72
4U53,RNA-24-e,g,2400,38,12,70
4U53,RNA-25-e,a,2401,38,8,73
4U53,RNA-26-e,g,2403,33,0,68
4U53,RNA-27-e,a,2404,29,1,73
4U53,RNA-28-e,c,2405,26,-2,69
4U53,RNA-29-e,a,2808,18,-1,76
4U53,RNA-30-e,a,2872,35,5,67
4U53,RNA-31-e,g,2874,29,12,64
4U53,RNA-32-e,u,2875,24,8,62
4U53,RNA-33-e,c,2876,17,11,59
4U53,RNA-34-e,g,2945,26,17,61
4U53,RNA-35-e,g,2950,18,19,68
4U53,RNA-36-e,u,2953,14,7,67
4U53,RNA-37-e,u,2954,17,4,68
4U53,RNA-38-e,u,2955,19,5,76
4U53,RNA-39-e,a,2956,17,5,80
4U53,RNA-40-e,g,2977,14,13,76
4U53,RNA-41-e,u,2978,22,16,78
4U53,RNA-42-e,u,2979,23,18,71
4U53,RNA-43-e,u,2980,31,19,71
